N: 20
W: 300
L0: 2.63545150501672
L1: 3
Root_Obj: 2.98540145981679
L2: 3
Z: 3
Status: Optimal
Root_Time: 0.007306
Final_Time: 0.010883

Bin 1: 6 of_free_capacity
Amount_of_items: 6
Items: 
Size: 39 Prior: 4 Id: 16
Size: 89 Prior: 13 Id: 14
Size: 73 Prior: 25 Id: 19
Size: 35 Prior: 30 Id: 18
Size: 57 Prior: 37 Id: 20
Size: 97 Prior: 43 Id: 3

Bin 2: 11 of_free_capacity
Amount_of_items: 7
Items: 
Size: 45 Prior: 13 Id: 8
Size: 87 Prior: 29 Id: 10
Size: 53 Prior: 36 Id: 1
Size: 25 Prior: 36 Id: 2
Size: 42 Prior: 48 Id: 12
Size: 36 Prior: 61 Id: 15
Size: 70 Prior: 75 Id: 7

Bin 3: 6 of_free_capacity
Amount_of_items: 7
Items: 
Size: 10 Prior: 39 Id: 13
Size: 59 Prior: 78 Id: 4
Size: 64 Prior: 85 Id: 11
Size: 73 Prior: 89 Id: 6
Size: 55 Prior: 90 Id: 9
Size: 32 Prior: 97 Id: 5
Size: 20 Prior: 97 Id: 17

Total_size: 1061
Total_free_space: 23

