N: 20
W: 100
L0: 2.98989898989899
L1: 3
Root_Obj: 3.18749999995998
L2: 4
Z: 4
Status: Optimal
Root_Time: 0.035603
Final_Time: 0.035622

Bin 1: 3 of_free_capacity
Amount_of_items: 5
Items: 
Size: 23 Prior: 6 Id: 4
Size: 30 Prior: 10 Id: 10
Size: 14 Prior: 11 Id: 17
Size: 29 Prior: 15 Id: 12
Size: 25 Prior: 16 Id: 7

Bin 2: 10 of_free_capacity
Amount_of_items: 6
Items: 
Size: 2 Prior: 11 Id: 20
Size: 22 Prior: 17 Id: 1
Size: 17 Prior: 18 Id: 3
Size: 13 Prior: 18 Id: 15
Size: 35 Prior: 20 Id: 2
Size: 28 Prior: 21 Id: 8

Bin 3: 5 of_free_capacity
Amount_of_items: 7
Items: 
Size: 10 Prior: 21 Id: 16
Size: 1 Prior: 23 Id: 13
Size: 13 Prior: 28 Id: 5
Size: 28 Prior: 29 Id: 14
Size: 11 Prior: 32 Id: 9
Size: 31 Prior: 33 Id: 6
Size: 10 Prior: 33 Id: 11

Bin 4: 79 of_free_capacity
Amount_of_items: 2
Items: 
Size: 20 Prior: 4 Id: 19
Size: 35 Prior: 6 Id: 18

Total_size: 397
Total_free_space: 97

