N: 20
W: 300
L0: 2.77926421404682
L1: 3
Root_Obj: 3.0158311345258
L2: 4
Z: 4
Status: Optimal
Root_Time: 0.01187
Final_Time: 0.011888

Bin 1: 5 of_free_capacity
Amount_of_items: 7
Items: 
Size: 40 Prior: 29 Id: 17
Size: 5 Prior: 31 Id: 20
Size: 63 Prior: 47 Id: 1
Size: 49 Prior: 51 Id: 3
Size: 37 Prior: 51 Id: 15
Size: 100 Prior: 57 Id: 2
Size: 78 Prior: 58 Id: 8

Bin 2: 13 of_free_capacity
Amount_of_items: 5
Items: 
Size: 57 Prior: 9 Id: 19
Size: 64 Prior: 17 Id: 4
Size: 84 Prior: 27 Id: 10
Size: 81 Prior: 42 Id: 12
Size: 71 Prior: 44 Id: 7

Bin 3: 36 of_free_capacity
Amount_of_items: 7
Items: 
Size: 27 Prior: 59 Id: 16
Size: 2 Prior: 65 Id: 13
Size: 36 Prior: 79 Id: 5
Size: 80 Prior: 83 Id: 14
Size: 31 Prior: 89 Id: 9
Size: 87 Prior: 92 Id: 6
Size: 26 Prior: 93 Id: 11

Bin 4: 299 of_free_capacity
Amount_of_items: 1
Items: 
Size: 98 Prior: 16 Id: 18

Total_size: 1116
Total_free_space: 353

