N: 20
W: 300
L0: 2.74581939799331
L1: 3
Root_Obj: 2.99523809519815
L2: 3
Z: 3
Status: Optimal
Root_Time: 0.02506
Final_Time: 0.032972

Bin 1: 0 of_free_capacity
Amount_of_items: 5
Items: 
Size: 97 Prior: 24 Id: 16
Size: 52 Prior: 25 Id: 5
Size: 76 Prior: 25 Id: 13
Size: 74 Prior: 29 Id: 19
Size: 94 Prior: 54 Id: 3

Bin 2: 15 of_free_capacity
Amount_of_items: 7
Items: 
Size: 66 Prior: 11 Id: 12
Size: 35 Prior: 14 Id: 2
Size: 76 Prior: 29 Id: 17
Size: 24 Prior: 42 Id: 8
Size: 36 Prior: 42 Id: 15
Size: 47 Prior: 62 Id: 4
Size: 96 Prior: 67 Id: 6

Bin 3: 0 of_free_capacity
Amount_of_items: 8
Items: 
Size: 11 Prior: 31 Id: 10
Size: 1 Prior: 43 Id: 7
Size: 52 Prior: 65 Id: 11
Size: 71 Prior: 69 Id: 20
Size: 61 Prior: 79 Id: 18
Size: 50 Prior: 85 Id: 1
Size: 53 Prior: 86 Id: 9
Size: 36 Prior: 94 Id: 14

Total_size: 1108
Total_free_space: 15

