N: 20
W: 1000
L0: 5.76576576576577
L1: 6
Root_Obj: 6.37499999998909
L2: 7
Z: 7
Status: Optimal
Root_Time: 0.004622
Final_Time: 0.004639

Bin 1: 36 of_free_capacity
Amount_of_items: 3
Items: 
Size: 510 Prior: 381 Id: 11
Size: 453 Prior: 457 Id: 13
Size: 742 Prior: 545 Id: 20

Bin 2: 4 of_free_capacity
Amount_of_items: 4
Items: 
Size: 291 Prior: 576 Id: 18
Size: 359 Prior: 691 Id: 16
Size: 345 Prior: 693 Id: 10
Size: 658 Prior: 707 Id: 14

Bin 3: 3 of_free_capacity
Amount_of_items: 3
Items: 
Size: 329 Prior: 453 Id: 5
Size: 667 Prior: 455 Id: 6
Size: 586 Prior: 456 Id: 12

Bin 4: 282 of_free_capacity
Amount_of_items: 2
Items: 
Size: 717 Prior: 269 Id: 2
Size: 700 Prior: 434 Id: 17

Bin 5: 89 of_free_capacity
Amount_of_items: 3
Items: 
Size: 260 Prior: 483 Id: 9
Size: 650 Prior: 639 Id: 15
Size: 464 Prior: 642 Id: 4

Bin 6: 148 of_free_capacity
Amount_of_items: 3
Items: 
Size: 369 Prior: 463 Id: 3
Size: 482 Prior: 506 Id: 7
Size: 362 Prior: 560 Id: 8

Bin 7: 260 of_free_capacity
Amount_of_items: 2
Items: 
Size: 739 Prior: 728 Id: 19
Size: 300 Prior: 730 Id: 1

Total_size: 9983
Total_free_space: 822

