N: 10
W: 500
L0: 2.43086172344689
L1: 3
Root_Obj: 3
L2: 3
Z: 3
Status: Optimal
Root_Time: 0.001875
Final_Time: 0.001906

Bin 1: 44 of_free_capacity
Amount_of_items: 3
Items: 
Size: 250 Prior: 164 Id: 8
Size: 205 Prior: 198 Id: 1
Size: 356 Prior: 282 Id: 9

Bin 2: 23 of_free_capacity
Amount_of_items: 4
Items: 
Size: 174 Prior: 132 Id: 7
Size: 155 Prior: 179 Id: 2
Size: 147 Prior: 272 Id: 4
Size: 151 Prior: 342 Id: 10

Bin 3: 109 of_free_capacity
Amount_of_items: 3
Items: 
Size: 245 Prior: 343 Id: 6
Size: 145 Prior: 352 Id: 5
Size: 236 Prior: 364 Id: 3

Total_size: 2064
Total_free_space: 176

