N: 20
W: 500
L0: 5.80961923847695
L1: 6
Root_Obj: 6.27777777774463
L2: 7
Z: 7
Status: Optimal
Root_Time: 0.004222
Final_Time: 0.00424

Bin 1: 14 of_free_capacity
Amount_of_items: 3
Items: 
Size: 189 Prior: 132 Id: 5
Size: 296 Prior: 149 Id: 6
Size: 372 Prior: 194 Id: 19

Bin 2: 2 of_free_capacity
Amount_of_items: 3
Items: 
Size: 241 Prior: 210 Id: 18
Size: 256 Prior: 212 Id: 4
Size: 345 Prior: 225 Id: 8

Bin 3: 57 of_free_capacity
Amount_of_items: 3
Items: 
Size: 220 Prior: 260 Id: 17
Size: 222 Prior: 292 Id: 2
Size: 305 Prior: 313 Id: 1

Bin 4: 44 of_free_capacity
Amount_of_items: 3
Items: 
Size: 321 Prior: 234 Id: 12
Size: 134 Prior: 287 Id: 20
Size: 272 Prior: 335 Id: 13

Bin 5: 35 of_free_capacity
Amount_of_items: 3
Items: 
Size: 220 Prior: 345 Id: 9
Size: 244 Prior: 354 Id: 14
Size: 165 Prior: 355 Id: 16

Bin 6: 109 of_free_capacity
Amount_of_items: 3
Items: 
Size: 137 Prior: 294 Id: 7
Size: 253 Prior: 330 Id: 3
Size: 177 Prior: 337 Id: 10

Bin 7: 330 of_free_capacity
Amount_of_items: 2
Items: 
Size: 169 Prior: 149 Id: 15
Size: 300 Prior: 189 Id: 11

Total_size: 4838
Total_free_space: 591

