N: 30
W: 1000
L0: 8.38738738738739
L1: 9
Root_Obj: 8.94999999993524
L2: 9
Z: 9
Status: Optimal
Root_Time: 0.004096
Final_Time: 0.008279

Bin 1: 18 of_free_capacity
Amount_of_items: 3
Items: 
Size: 592 Prior: 348 Id: 10
Size: 389 Prior: 509 Id: 27
Size: 707 Prior: 526 Id: 7

Bin 2: 21 of_free_capacity
Amount_of_items: 4
Items: 
Size: 341 Prior: 266 Id: 4
Size: 336 Prior: 341 Id: 21
Size: 301 Prior: 344 Id: 2
Size: 701 Prior: 367 Id: 6

Bin 3: 87 of_free_capacity
Amount_of_items: 3
Items: 
Size: 638 Prior: 530 Id: 14
Size: 274 Prior: 540 Id: 16
Size: 745 Prior: 541 Id: 1

Bin 4: 56 of_free_capacity
Amount_of_items: 4
Items: 
Size: 296 Prior: 340 Id: 22
Size: 285 Prior: 474 Id: 29
Size: 362 Prior: 475 Id: 12
Size: 634 Prior: 486 Id: 17

Bin 5: 57 of_free_capacity
Amount_of_items: 3
Items: 
Size: 503 Prior: 419 Id: 30
Size: 439 Prior: 562 Id: 13
Size: 589 Prior: 571 Id: 24

Bin 6: 22 of_free_capacity
Amount_of_items: 4
Items: 
Size: 377 Prior: 272 Id: 18
Size: 294 Prior: 413 Id: 3
Size: 306 Prior: 623 Id: 19
Size: 496 Prior: 674 Id: 25

Bin 7: 3 of_free_capacity
Amount_of_items: 4
Items: 
Size: 375 Prior: 609 Id: 15
Size: 289 Prior: 614 Id: 9
Size: 332 Prior: 650 Id: 28
Size: 431 Prior: 673 Id: 11

Bin 8: 285 of_free_capacity
Amount_of_items: 2
Items: 
Size: 714 Prior: 266 Id: 20
Size: 706 Prior: 286 Id: 8

Bin 9: 132 of_free_capacity
Amount_of_items: 3
Items: 
Size: 479 Prior: 531 Id: 23
Size: 388 Prior: 543 Id: 5
Size: 497 Prior: 560 Id: 26

Total_size: 13816
Total_free_space: 681

