N: 20
W: 250
L0: 5.30120481927711
L1: 6
Root_Obj: 5.99999999996362
L2: 6
Z: 6
Status: Optimal
Root_Time: 0.004684
Final_Time: 0.004737

Bin 1: 0 of_free_capacity
Amount_of_items: 3
Items: 
Size: 90 Prior: 118 Id: 13
Size: 159 Prior: 132 Id: 15
Size: 186 Prior: 135 Id: 2

Bin 2: 0 of_free_capacity
Amount_of_items: 3
Items: 
Size: 176 Prior: 71 Id: 9
Size: 73 Prior: 103 Id: 4
Size: 176 Prior: 131 Id: 8

Bin 3: 16 of_free_capacity
Amount_of_items: 3
Items: 
Size: 85 Prior: 66 Id: 5
Size: 148 Prior: 87 Id: 11
Size: 175 Prior: 91 Id: 7

Bin 4: 22 of_free_capacity
Amount_of_items: 3
Items: 
Size: 94 Prior: 68 Id: 19
Size: 133 Prior: 120 Id: 1
Size: 158 Prior: 121 Id: 18

Bin 5: 9 of_free_capacity
Amount_of_items: 4
Items: 
Size: 75 Prior: 86 Id: 3
Size: 97 Prior: 135 Id: 6
Size: 68 Prior: 135 Id: 17
Size: 109 Prior: 140 Id: 14

Bin 6: 8 of_free_capacity
Amount_of_items: 4
Items: 
Size: 93 Prior: 152 Id: 16
Size: 72 Prior: 153 Id: 10
Size: 76 Prior: 155 Id: 20
Size: 107 Prior: 168 Id: 12

Total_size: 2350
Total_free_space: 55

