N: 30
W: 500
L0: 9.22444889779559
L1: 10
Root_Obj: 9.99999999996362
L2: 10
Z: 10
Status: Optimal
Root_Time: 0.003362
Final_Time: 0.005206

Bin 1: 4 of_free_capacity
Amount_of_items: 3
Items: 
Size: 184 Prior: 284 Id: 28
Size: 311 Prior: 364 Id: 12
Size: 374 Prior: 365 Id: 26

Bin 2: 1 of_free_capacity
Amount_of_items: 3
Items: 
Size: 147 Prior: 129 Id: 22
Size: 351 Prior: 146 Id: 30
Size: 369 Prior: 171 Id: 6

Bin 3: 7 of_free_capacity
Amount_of_items: 3
Items: 
Size: 198 Prior: 129 Id: 29
Size: 294 Prior: 315 Id: 19
Size: 352 Prior: 350 Id: 24

Bin 4: 5 of_free_capacity
Amount_of_items: 3
Items: 
Size: 258 Prior: 186 Id: 25
Size: 236 Prior: 224 Id: 16
Size: 347 Prior: 244 Id: 14

Bin 5: 17 of_free_capacity
Amount_of_items: 3
Items: 
Size: 280 Prior: 193 Id: 11
Size: 202 Prior: 250 Id: 9
Size: 338 Prior: 270 Id: 15

Bin 6: 14 of_free_capacity
Amount_of_items: 3
Items: 
Size: 259 Prior: 145 Id: 27
Size: 226 Prior: 205 Id: 10
Size: 327 Prior: 206 Id: 7

Bin 7: 30 of_free_capacity
Amount_of_items: 3
Items: 
Size: 249 Prior: 191 Id: 3
Size: 220 Prior: 348 Id: 1
Size: 322 Prior: 348 Id: 5

Bin 8: 98 of_free_capacity
Amount_of_items: 3
Items: 
Size: 177 Prior: 168 Id: 17
Size: 224 Prior: 264 Id: 13
Size: 347 Prior: 285 Id: 18

Bin 9: 38 of_free_capacity
Amount_of_items: 3
Items: 
Size: 277 Prior: 221 Id: 8
Size: 184 Prior: 255 Id: 2
Size: 273 Prior: 268 Id: 23

Bin 10: 86 of_free_capacity
Amount_of_items: 3
Items: 
Size: 194 Prior: 212 Id: 4
Size: 219 Prior: 247 Id: 20
Size: 302 Prior: 315 Id: 21

Total_size: 8041
Total_free_space: 300

