N: 10
W: 200
L0: 3.11
L1: 3
Root_Obj: 3.00000000001091
L2: 3
Z: 3
Status: Optimal
Root_Time: 0.00216
Final_Time: 0.002196

Bin 1: 212 of_capacity
Amount_of_items: 3
Items: 
Size: 95
Size: 85
Size: 32

Bin 2: 206 of_capacity
Amount_of_items: 4
Items: 
Size: 86
Size: 63
Size: 51
Size: 6

Bin 3: 204 of_capacity
Amount_of_items: 3
Items: 
Size: 81
Size: 79
Size: 44

Total_size: 622
