N: 10
W: 400
L0: 2.0375
L1: 2
Root_Obj: 2.00000000000728
L2: 2
Z: 2
Status: Optimal
Root_Time: 0.004357
Final_Time: 0.005398

Bin 1: 414 of_capacity
Amount_of_items: 5
Items: 
Size: 99
Size: 98
Size: 83
Size: 75
Size: 59

Bin 2: 401 of_capacity
Amount_of_items: 5
Items: 
Size: 92
Size: 88
Size: 77
Size: 74
Size: 70

Total_size: 815
