N: 10
W: 150
L0: 3.01333333333333
L1: 3
Root_Obj: 3.00000000001455
L2: 3
Z: 3
Status: Optimal
Root_Time: 0.003105
Final_Time: 0.003142

Bin 1: 151 of_capacity
Amount_of_items: 3
Items: 
Size: 91
Size: 39
Size: 21

Bin 2: 151 of_capacity
Amount_of_items: 3
Items: 
Size: 91
Size: 35
Size: 25

Bin 3: 150 of_capacity
Amount_of_items: 4
Items: 
Size: 55
Size: 44
Size: 27
Size: 24

Total_size: 452
