N: 10
W: 120
L0: 4.19166666666667
L1: 4
Root_Obj: 3.875
L2: 3
Z: 3
Status: Optimal
Root_Time: 0.001567
Final_Time: 0.001602

Bin 1: 250 of_capacity
Amount_of_items: 6
Items: 
Size: 70
Size: 66
Size: 66
Size: 18
Size: 17
Size: 13

Bin 2: 129 of_capacity
Amount_of_items: 2
Items: 
Size: 99
Size: 30

Bin 3: 124 of_capacity
Amount_of_items: 2
Items: 
Size: 70
Size: 54

Total_size: 503
