N: 10
W: 200
L0: 4.095
L1: 4
Root_Obj: 3.33333333335759
L2: 3
Z: 3
Status: Optimal
Root_Time: 0.002813
Final_Time: 0.002847

Bin 1: 310 of_capacity
Amount_of_items: 4
Items: 
Size: 90
Size: 75
Size: 74
Size: 71

Bin 2: 258 of_capacity
Amount_of_items: 3
Items: 
Size: 95
Size: 94
Size: 69

Bin 3: 251 of_capacity
Amount_of_items: 3
Items: 
Size: 99
Size: 96
Size: 56

Total_size: 819
