N: 10
W: 120
L0: 4.08333333333333
L1: 4
Root_Obj: 4.00000000001091
L2: 4
Z: 4
Status: Optimal
Root_Time: 0.00198
Final_Time: 0.002019

Bin 1: 126 of_capacity
Amount_of_items: 3
Items: 
Size: 66
Size: 42
Size: 18

Bin 2: 122 of_capacity
Amount_of_items: 2
Items: 
Size: 83
Size: 39

Bin 3: 122 of_capacity
Amount_of_items: 3
Items: 
Size: 63
Size: 53
Size: 6

Bin 4: 120 of_capacity
Amount_of_items: 2
Items: 
Size: 80
Size: 40

Total_size: 490
