N: 10
W: 120
L0: 5.33333333333333
L1: 5
Root_Obj: 4.66666666668607
L2: 4
Z: 4
Status: Optimal
Root_Time: 0.003021
Final_Time: 0.003071

Bin 1: 246 of_capacity
Amount_of_items: 4
Items: 
Size: 74
Size: 59
Size: 57
Size: 56

Bin 2: 135 of_capacity
Amount_of_items: 2
Items: 
Size: 83
Size: 52

Bin 3: 130 of_capacity
Amount_of_items: 2
Items: 
Size: 76
Size: 54

Bin 4: 129 of_capacity
Amount_of_items: 2
Items: 
Size: 74
Size: 55

Total_size: 640
