N: 10
W: 400
L0: 2.0525
L1: 2
Root_Obj: 2.00000000001455
L2: 2
Z: 2
Status: Optimal
Root_Time: 0.003117
Final_Time: 0.003158

Bin 1: 421 of_capacity
Amount_of_items: 5
Items: 
Size: 96
Size: 87
Size: 85
Size: 77
Size: 76

Bin 2: 400 of_capacity
Amount_of_items: 5
Items: 
Size: 99
Size: 98
Size: 73
Size: 69
Size: 61

Total_size: 821
