N: 10
W: 400
L0: 1.21
L1: 1
Root_Obj: 1
L2: 1
Z: 1
Status: Optimal
Root_Time: 0.001049
Final_Time: 0.00105

Bin 1: 484 of_capacity
Amount_of_items: 10
Items: 
Size: 94
Size: 54
Size: 51
Size: 51
Size: 49
Size: 47
Size: 41
Size: 35
Size: 32
Size: 30

Total_size: 484
