N: 10
W: 150
L0: 4.02666666666667
L1: 4
Root_Obj: 3.8333333333394
L2: 3
Z: 3
Status: Optimal
Root_Time: 0.003224
Final_Time: 0.003255

Bin 1: 302 of_capacity
Amount_of_items: 6
Items: 
Size: 78
Size: 76
Size: 62
Size: 43
Size: 23
Size: 20

Bin 2: 152 of_capacity
Amount_of_items: 2
Items: 
Size: 79
Size: 73

Bin 3: 150 of_capacity
Amount_of_items: 2
Items: 
Size: 82
Size: 68

Total_size: 604
