N: 20
W: 300
L0: 5.16333333333333
L1: 5
Root_Obj: 5.00000000001819
L2: 5
Z: 5
Status: Optimal
Root_Time: 0.004295
Final_Time: 0.006948

Bin 1: 331 of_capacity
Amount_of_items: 4
Items: 
Size: 99
Size: 95
Size: 82
Size: 55

Bin 2: 309 of_capacity
Amount_of_items: 4
Items: 
Size: 97
Size: 90
Size: 62
Size: 60

Bin 3: 306 of_capacity
Amount_of_items: 4
Items: 
Size: 89
Size: 88
Size: 77
Size: 52

Bin 4: 302 of_capacity
Amount_of_items: 4
Items: 
Size: 80
Size: 77
Size: 74
Size: 71

Bin 5: 301 of_capacity
Amount_of_items: 4
Items: 
Size: 95
Size: 91
Size: 60
Size: 55

Total_size: 1549
