N: 20
W: 500
L0: 3.078
L1: 3
Root_Obj: 3.02416918431481
L2: 3
Z: 3
Status: Optimal
Root_Time: 0.005676
Final_Time: 0.005713

Bin 1: 527 of_capacity
Amount_of_items: 8
Items: 
Size: 80
Size: 76
Size: 71
Size: 67
Size: 65
Size: 59
Size: 55
Size: 54

Bin 2: 512 of_capacity
Amount_of_items: 6
Items: 
Size: 97
Size: 96
Size: 95
Size: 89
Size: 84
Size: 51

Bin 3: 500 of_capacity
Amount_of_items: 6
Items: 
Size: 96
Size: 88
Size: 86
Size: 77
Size: 77
Size: 76

Total_size: 1539
