N: 20
W: 300
L0: 5.34333333333333
L1: 5
Root_Obj: 5.00000000004002
L2: 5
Z: 5
Status: Optimal
Root_Time: 0.005623
Final_Time: 0.00566

Bin 1: 351 of_capacity
Amount_of_items: 4
Items: 
Size: 99
Size: 98
Size: 98
Size: 56

Bin 2: 322 of_capacity
Amount_of_items: 4
Items: 
Size: 88
Size: 88
Size: 80
Size: 66

Bin 3: 315 of_capacity
Amount_of_items: 4
Items: 
Size: 94
Size: 74
Size: 74
Size: 73

Bin 4: 312 of_capacity
Amount_of_items: 4
Items: 
Size: 96
Size: 75
Size: 72
Size: 69

Bin 5: 303 of_capacity
Amount_of_items: 4
Items: 
Size: 92
Size: 85
Size: 64
Size: 62

Total_size: 1603
