N: 20
W: 500
L0: 3.02
L1: 3
Root_Obj: 3.0044622936548
L2: 3
Z: 3
Status: Optimal
Root_Time: 0.009553
Final_Time: 0.013061

Bin 1: 510 of_capacity
Amount_of_items: 7
Items: 
Size: 94
Size: 93
Size: 74
Size: 68
Size: 66
Size: 63
Size: 52

Bin 2: 500 of_capacity
Amount_of_items: 7
Items: 
Size: 98
Size: 81
Size: 76
Size: 65
Size: 60
Size: 60
Size: 60

Bin 3: 500 of_capacity
Amount_of_items: 6
Items: 
Size: 92
Size: 92
Size: 89
Size: 87
Size: 78
Size: 62

Total_size: 1510
