N: 20
W: 400
L0: 4.025
L1: 4
Root_Obj: 4.00000000003274
L2: 4
Z: 4
Status: Optimal
Root_Time: 0.006774
Final_Time: 0.00835

Bin 1: 404 of_capacity
Amount_of_items: 5
Items: 
Size: 93
Size: 88
Size: 83
Size: 82
Size: 58

Bin 2: 403 of_capacity
Amount_of_items: 5
Items: 
Size: 97
Size: 93
Size: 88
Size: 67
Size: 58

Bin 3: 403 of_capacity
Amount_of_items: 5
Items: 
Size: 92
Size: 88
Size: 82
Size: 75
Size: 66

Bin 4: 400 of_capacity
Amount_of_items: 5
Items: 
Size: 93
Size: 93
Size: 93
Size: 68
Size: 53

Total_size: 1610
