N: 20
W: 300
L0: 4.00666666666667
L1: 4
Root_Obj: 4.00000000002183
L2: 4
Z: 4
Status: Optimal
Root_Time: 0.006113
Final_Time: 0.006152

Bin 1: 301 of_capacity
Amount_of_items: 4
Items: 
Size: 95
Size: 78
Size: 73
Size: 55

Bin 2: 301 of_capacity
Amount_of_items: 5
Items: 
Size: 71
Size: 63
Size: 61
Size: 55
Size: 51

Bin 3: 300 of_capacity
Amount_of_items: 6
Items: 
Size: 80
Size: 72
Size: 51
Size: 40
Size: 30
Size: 27

Bin 4: 300 of_capacity
Amount_of_items: 5
Items: 
Size: 73
Size: 62
Size: 59
Size: 55
Size: 51

Total_size: 1202
