N: 20
W: 500
L0: 3.022
L1: 3
Root_Obj: 3.00098892409005
L2: 3
Z: 3
Status: Optimal
Root_Time: 0.007735
Final_Time: 0.011341

Bin 1: 506 of_capacity
Amount_of_items: 6
Items: 
Size: 99
Size: 99
Size: 86
Size: 85
Size: 72
Size: 65

Bin 2: 505 of_capacity
Amount_of_items: 8
Items: 
Size: 83
Size: 68
Size: 63
Size: 63
Size: 63
Size: 61
Size: 54
Size: 50

Bin 3: 500 of_capacity
Amount_of_items: 6
Items: 
Size: 98
Size: 94
Size: 88
Size: 78
Size: 76
Size: 66

Total_size: 1511
